1.0
1.0
1.0
1.0
1.0
1.0
1.0
1.0
1.0
0.5
1.0
0.5
1.0
1.0
0.3333333333333333
0.25
0.6666666666666666
0.6
0.7777777777777778
0.6
0.5
0.7142857142857143
0.3333333333333333
1.0
0.625
1.0
1.0
1.0
0.2222222222222222
1.0
1.0
1.0
0.45454545454545453
0.18181818181818182
0.5555555555555556
1.0
1.25
0.5
1.0
1.0
1.0
0.5714285714285714
1.0
1.0
0.4
1.0
1.0
0.3333333333333333
0.8571428571428571
1.0
0.36363636363636365
1.0
1.0
1.0
1.0
1.0
1.0
1.0
0.6666666666666666
1.0
1.0
1.0
1.0
0.14285714285714285
0.375
1.0
0.08333333333333333
1.0
1.0
1.0
1.0
0.3333333333333333
1.0
1.0
1.1666666666666667
1.0
1.0
1.0
1.0
1.0
0.5
0.42857142857142855
1.0
0.09090909090909091
1.0
0.5
1.0
0.625
1.3333333333333333
1.0
1.0
1.0
0.8333333333333334
0.25
1.0
1.0
1.0
0.4444444444444444
0.5
1.0
0.14285714285714285
0.14285714285714285
1.0
1.0
1.0
1.0
0.8571428571428571
0.42857142857142855
1.0
1.0
1.0
1.0
1.0
0.23076923076923078
0.1
1.0
1.0
1.0
1.0
1.0
1.0
0.23076923076923078
0.5
2.0
0.10526315789473684
0.8571428571428571
0.42857142857142855
1.0
0.3333333333333333
0.42857142857142855
0.6
0.375
0.625
1.0
1.0
1.0
1.0
0.8333333333333334
0.8
0.4
1.0
1.0
1.0
1.0
1.0
0.5
0.5
0.18181818181818182
0.625
1.3333333333333333
1.0
1.0
1.0
1.0
1.0
1.0
1.0
0.36363636363636365
0.3076923076923077
1.0
1.0
1.6666666666666667
1.0
1.0
0.3333333333333333
0.5454545454545454
0.15384615384615385
1.0
1.0
0.25
0.2
1.3333333333333333
0.5555555555555556
1.0
1.0
1.0
1.25
1.0
1.0
1.0
1.0
0.3
0.3
0.5
0.4
0.16666666666666666
0.5
0.2857142857142857
1.0
1.0
1.0
1.0
1.0
1.0
1.0
1.0
1.0
1.0
0.4444444444444444
0.6666666666666666
0.8
0.5454545454545454
1.0
1.0
1.0
1.0
1.0
1.0
1.0
1.0
1.0
0.14285714285714285
1.0
1.0
0.6
0.6666666666666666
1.0
1.0
1.0
0.1
0.5
0.42857142857142855
1.0
1.0
1.0
1.0
1.0
1.0
1.0
1.0
0.25
1.0
1.0
0.6666666666666666
1.0
1.0
0.25
0.6666666666666666
0.5454545454545454
1.3333333333333333
0.125
1.0
0.5454545454545454
0.6
0.2
1.0
1.0
0.5
0.6
1.3333333333333333
0.2857142857142857
1.0
1.0
0.42857142857142855
0.21428571428571427
0.4444444444444444
0.5714285714285714
0.5
0.3333333333333333
0.3333333333333333
1.0
1.0
1.0
1.0
1.0
1.0
1.0
1.0
1.0
1.0
1.0
1.0
0.3
1.0
1.0
1.0
1.0
1.0
1.0
1.0
1.0
1.0
0.3333333333333333
0.6
0.3076923076923077
0.1111111111111111
0.7142857142857143
1.0
0.42857142857142855
1.0
0.18181818181818182
1.0
1.0
1.0
5.0
0.2
0.5
1.5
0.5555555555555556
1.0
0.75
1.0
1.0
1.0
1.0
1.0
1.0
1.0
1.0
1.0
0.2222222222222222
0.15384615384615385
1.75
0.5
1.0
1.0
0.2
0.8333333333333334
1.0
0.8333333333333334
1.0
1.0
1.0
1.0
1.0
1.0
1.0
0.46153846153846156
0.3333333333333333
1.0
0.09090909090909091
1.0
0.42857142857142855
1.0
1.0
1.0
1.0
1.0
0.3
1.0
1.0
1.0
0.5714285714285714
1.0
1.0
1.0
1.0
0.8
0.7142857142857143
0.2727272727272727
1.0
1.0
1.0
1.0
1.5
0.375
0.2222222222222222
0.8
1.0
1.0
1.0
1.0
1.0
1.0
1.0
0.2
1.0
0.4444444444444444
1.0
1.0
1.0
0.36363636363636365
1.0
1.0
1.0
1.0
0.25
1.0
0.8
0.4444444444444444
0.07692307692307693
0.07692307692307693
0.3
0.23076923076923078
1.0
1.6
0.2857142857142857
1.25
1.0
0.75
1.0
1.0
1.0
1.0
1.0
1.0
0.2857142857142857
0.4444444444444444
0.375
1.0
0.5555555555555556
1.0
1.0
1.0
1.0
0.6
0.3333333333333333
0.8333333333333334
0.1
0.36363636363636365
0.5
1.0
1.0
1.0
1.0
1.0
1.0
1.0
1.0
1.0
1.0
0.5
0.18181818181818182
0.08333333333333333
1.0
1.0
1.0
1.0
0.5
1.0
1.0
1.0
1.0
1.0
0.625
0.875
1.0
1.0
0.6666666666666666
0.4444444444444444
0.3333333333333333
1.0
1.0
0.3333333333333333
1.0
1.0
0.6666666666666666
0.2222222222222222
1.0
1.0
1.0
1.0
1.0
1.0
1.0
1.0
0.25
0.2727272727272727
0.5714285714285714
0.5
1.0
0.2
0.3333333333333333
1.0
1.0
1.0
1.0
1.0
1.0
0.14285714285714285
0.25
1.5
1.0
1.0
0.4444444444444444
0.125
1.0
0.16666666666666666
1.0
0.42857142857142855
0.4
1.0
0.375
1.0
1.0
0.38461538461538464
0.4444444444444444
0.5454545454545454
0.5
0.2857142857142857
0.5714285714285714
1.0
1.2
0.8333333333333334
0.375
1.0
1.0
0.7142857142857143
1.0
2.5
1.0
1.0
1.0
0.3076923076923077
1.0
1.0
0.2727272727272727
0.2727272727272727
1.0
0.625
1.0
1.0
1.0
1.0
1.0
0.4444444444444444
1.0
1.0
1.0
1.0
1.0
1.0
1.0
1.0
1.0
1.0
1.0
1.0
0.6
0.36363636363636365
0.75
0.4
0.4166666666666667
1.0
1.0
0.75
1.0
1.0
1.0
1.0
1.0
0.42857142857142855
1.0
0.2727272727272727
1.0
1.0
1.0
1.0
1.0
1.6666666666666667
1.0
1.0
1.0
0.4
0.6
0.1
0.6666666666666666
0.16666666666666666
0.8571428571428571
0.6
1.3333333333333333
1.0
1.0
0.375
0.6666666666666666
2.3333333333333335
1.0
0.8333333333333334
1.0
1.0
1.0
1.0
1.0
1.0
0.2857142857142857
0.1
0.18181818181818182
0.3333333333333333
0.4
1.0
1.0
1.0
0.4166666666666667
2.5
0.625
0.2
1.0
1.0
1.0
1.0
1.0
1.0
1.0
0.14285714285714285
1.0
1.0
1.0
1.0
1.0
1.0
1.0
1.0
0.6666666666666666
1.0
1.0
0.5
1.0
1.0
1.0
1.0
1.0
1.0
0.375
0.4166666666666667
0.3333333333333333
1.0
0.8
0.6666666666666666
1.0
1.0
0.14285714285714285
1.0
0.5714285714285714
1.0
1.0
0.6363636363636364
0.23529411764705882
0.2
0.6666666666666666
0.07142857142857142
1.0
0.375
0.2857142857142857
1.0
1.0
0.42857142857142855
0.5714285714285714
1.0
1.0
1.0
1.0
1.0
1.0
1.0
1.0
1.0
1.0
0.6
0.6
0.5714285714285714
0.25
0.2
0.4444444444444444
1.6666666666666667
0.2
1.0
1.0
1.0
1.0
1.0
1.0
1.0
1.0
1.0
0.2857142857142857
1.0
0.8571428571428571
0.5
0.6
0.3333333333333333
1.0
0.375
1.0
1.0
1.0
1.0
1.0
1.0
0.2857142857142857
0.3
1.0
0.6666666666666666
1.0
1.0
1.0
0.14285714285714285
1.0
1.0
1.0
1.0
1.0
0.8
0.5555555555555556
0.3
0.375
0.3333333333333333
0.75
0.5
0.25
1.25
0.6
1.0
0.42857142857142855
1.0
1.0
0.75
1.0
1.5
0.5
1.0
1.0
1.0
1.0
1.0
1.0
1.0
1.0
0.4
1.0
1.0
1.0
1.0
1.0
1.0
1.0
1.0
1.0
1.0
1.0
1.0
1.0
1.0
0.23076923076923078
0.6666666666666666
0.3333333333333333
1.0
1.0
0.6363636363636364
0.1111111111111111
0.7777777777777778
1.0
1.0
1.0
0.8
1.0
0.5
1.0
1.0
5.0
1.0
0.3333333333333333
0.23076923076923078
0.16666666666666666
1.0
0.16666666666666666
0.8888888888888888
1.0
1.0
1.0
1.0
1.0
1.0
1.0
0.375
0.5
0.18181818181818182
0.23076923076923078
0.5714285714285714
0.5
0.75
1.0
1.0
1.0
1.0
1.0
0.375
0.2727272727272727
1.0
1.0
0.2857142857142857
0.5714285714285714
0.38461538461538464
0.42857142857142855
0.5
0.6666666666666666
1.0
1.0
1.0
1.0
1.0
0.2
0.75
0.4444444444444444
0.6666666666666666
1.0
1.0
1.0
1.0
1.0
1.0
1.0
1.0
1.0
0.5
0.4
1.0
1.0
0.36363636363636365
1.0
1.0
1.0
0.42857142857142855
1.0
1.0
1.0
1.0
0.3333333333333333
0.7
1.0
1.0
0.6666666666666666
1.0
1.0
1.0
1.0
0.1
0.625
1.0
0.46153846153846156
0.2857142857142857
0.5
0.2
0.75
1.0
1.0
1.0
1.0
1.0
2.3333333333333335
0.6666666666666666
0.5
0.3
0.3333333333333333
0.4
0.2857142857142857
1.0
1.0
1.0
1.0
1.6
1.0
1.0
1.0
1.0
1.0
0.4
0.3333333333333333
0.2
0.21428571428571427
0.25
1.0
0.2727272727272727
0.5
1.0
1.0
1.0
1.0
1.0
1.0
1.0
1.0
0.3333333333333333
1.0
0.2857142857142857
1.0
1.0
0.25
1.5
1.0
1.0
1.0
0.5714285714285714
1.0
0.42857142857142855
0.375
1.0
1.0
1.0
1.75
0.5
1.0
1.0
1.0
0.4
1.0
1.0
1.0
1.0
1.0
1.0
1.0
1.0
1.0
0.3333333333333333
0.75
1.0
1.0
1.0
1.0
1.0
1.0
1.0
0.5
0.2857142857142857
0.125
1.0
1.0
0.2857142857142857
0.2
0.75
0.08333333333333333
0.5714285714285714
1.0
0.375
1.0
1.0
1.0
0.6666666666666666
1.0
1.0
1.0
1.0
1.0
1.0
1.0
1.0
1.6666666666666667
0.3
0.14285714285714285
0.5833333333333334
0.42857142857142855
0.8
1.0
0.14285714285714285
0.6666666666666666
0.2
1.1428571428571428
2.25
1.0
1.0
1.0
1.0
0.8333333333333334
1.0
0.42857142857142855
0.5
1.0
1.0
1.0
1.0
1.0
1.0
1.0
1.0
0.3333333333333333
0.125
0.4444444444444444
0.4444444444444444
0.07142857142857142
0.75
0.375
1.0
1.0
1.0
0.3076923076923077
0.09090909090909091
0.14285714285714285
0.5833333333333334
0.7142857142857143
1.0
1.0
1.0
0.625
1.0
1.0
1.0
1.0
1.0
1.0
0.75
1.0
0.23076923076923078
0.4444444444444444
0.1
0.4
1.0
1.0
0.14285714285714285
1.0
1.0
0.5
0.2
0.42857142857142855
1.0
0.1111111111111111
1.0
1.0
1.0
1.0
1.0
0.6666666666666666
0.6666666666666666
1.2
0.8333333333333334
1.0
1.0
1.0
1.0
1.0
1.0
1.0
0.4166666666666667
1.0
0.3333333333333333
1.0
1.0
1.0
1.0
1.0
1.0
0.5
1.0
0.6666666666666666
1.0
1.0
1.0
0.25
0.25
0.23076923076923078
1.0
1.0
1.0
1.0
0.6
1.125
1.0
0.25
0.7142857142857143
0.3333333333333333
0.3333333333333333
0.2
1.0
4.0
0.2
1.0
1.0
1.0
1.0
1.0
0.7142857142857143
0.3333333333333333
0.45454545454545453
1.0
1.0
1.0
0.2857142857142857
1.0
0.2
1.0
0.2
0.15384615384615385
1.0
0.625
1.0
0.8181818181818182
1.0
1.0
1.6666666666666667
1.0
0.4444444444444444
0.16666666666666666
1.0
1.0
0.2
0.42857142857142855
0.125
1.0
1.0
1.0
1.0
1.0
0.42857142857142855
0.8
1.0
0.25
1.0
1.0
1.0
1.0
0.5555555555555556
1.0
1.0
1.0
0.25
1.25
0.5
0.75
1.0
1.0
1.0
1.0
1.0
1.0
1.0
1.0
0.6363636363636364
0.36363636363636365
1.0
1.0
1.0
1.0
0.7142857142857143
1.0
0.7142857142857143
0.4166666666666667
0.6
0.8
0.5
1.0
1.0
1.0
0.375
0.5
1.0
0.25
1.0
1.0
1.0
1.0
1.0
0.1111111111111111
1.0
1.0
0.16666666666666666
0.36363636363636365
0.8
1.0
1.0
1.0
1.0
1.0
1.0
1.0
1.0
0.625
1.0
0.8
1.0
0.6666666666666666
0.8571428571428571
1.0
1.0
1.0
1.0
0.75
0.5
0.2857142857142857
0.3076923076923077
0.16666666666666666
1.0
1.0
1.0
0.2727272727272727
1.0
0.2857142857142857
1.0
1.0
1.0
1.0
0.5
1.0
1.0
0.5555555555555556
0.8333333333333334
1.0
1.0
1.0
0.3
0.3333333333333333
0.18181818181818182
1.0
0.25
1.75
1.0
0.5714285714285714
0.6666666666666666
1.0
0.2857142857142857
1.0
1.0
3.0
1.0
1.0
1.0
1.0
1.0
1.0
1.0
1.0
0.6666666666666666
1.4
0.6
1.0
1.0
1.0
1.0
0.14285714285714285
1.0
1.0
0.3333333333333333
0.5
0.3333333333333333
0.5
1.0
0.42857142857142855
0.06666666666666667
0.1111111111111111
0.625
1.0
0.7142857142857143
0.4444444444444444
1.0
0.5714285714285714
1.0
1.0
1.0
1.0
1.0
1.0
1.0
0.2777777777777778
1.0
1.0
1.0
0.5
0.3333333333333333
1.0
1.0
1.0
0.8
0.3
1.0
1.0
1.0
1.0
1.0
1.0
1.0
0.7142857142857143
1.0
1.0
0.6
0.7142857142857143
1.0
1.0
1.0
1.0
1.0
0.5
0.7142857142857143
0.23076923076923078
0.3333333333333333
0.8571428571428571
0.625
0.25
0.5
0.5
1.0
1.0
0.875
1.0
1.3333333333333333
1.0
1.0
0.18181818181818182
0.3333333333333333
0.4
0.6666666666666666
0.75
0.8
0.625
1.0
1.0
1.0
1.0
1.0
1.0
1.0
1.0
1.0
0.4444444444444444
0.8
1.0
0.42857142857142855
0.3
1.0
1.0
1.0
1.0
1.0
1.0
1.0
1.0
1.0
1.0
0.1111111111111111
1.0
0.6
1.0
1.0
1.0
1.0
1.0
1.0
1.0
0.5
0.4
1.0
1.0
1.0
1.0
1.0
0.07142857142857142
1.0
1.0
0.18181818181818182
0.8571428571428571
0.5
1.0
0.3333333333333333
0.6
0.125
1.0
0.25
0.5
0.6666666666666666
1.0
1.5
1.0
1.0
0.4444444444444444
0.46153846153846156
0.07142857142857142
0.2222222222222222
0.25
1.0
1.0
0.875
0.3
0.2857142857142857
1.0
1.0
1.0
1.0
1.0
1.0
1.0
1.0
0.5714285714285714
0.45454545454545453
0.6666666666666666
0.3076923076923077
1.0
0.5
1.0
1.0
1.0
1.0
1.0
1.0
1.0
1.0
0.125
1.0
0.8333333333333334
0.8333333333333334
0.5454545454545454
1.0
1.0
1.0
1.0
1.0
0.4
1.0
1.0
1.0
1.0
1.0
1.0
1.1666666666666667
0.5714285714285714
0.08333333333333333
0.2
1.5
0.25
0.1111111111111111
1.0
1.0
1.0
1.0
1.0
1.0
1.0
1.0
0.09090909090909091
0.5
0.6666666666666666
0.2
1.0
0.42857142857142855
0.625
0.6
1.0
1.0
1.0
1.0
1.0
0.75
1.0
0.5714285714285714
1.0
1.0
1.0
1.0
0.75
0.75
1.0
1.0
1.0
1.0
0.25
0.3076923076923077
0.14285714285714285
1.0
0.2857142857142857
0.45454545454545453
1.0
4.0
0.2
0.375
0.42857142857142855
0.5
1.0
0.6
1.0
1.0
0.5
0.5714285714285714
1.0
0.7
1.0
0.2
1.0
1.0
1.0
1.0
1.0
1.0
0.2222222222222222
0.2727272727272727
0.2
0.42857142857142855
0.42857142857142855
1.0
1.0
0.36363636363636365
1.25
1.0
1.0
1.0
1.0
1.0
1.0
1.0
1.0
0.2222222222222222
0.15384615384615385
0.4444444444444444
1.5
0.5714285714285714
1.0
1.0
1.0
1.0
0.3333333333333333
4.0
1.0
1.0
0.625
0.3333333333333333
0.2857142857142857
1.0
0.3333333333333333
0.2
1.0
1.0
1.0
1.0
1.0
1.0
1.0
1.0
1.0
1.0
1.0
1.0
1.0
5.0
1.0
1.0
0.3333333333333333
0.2
1.0
0.6666666666666666
1.0
0.75
1.0
1.0
0.8888888888888888
1.0
1.0
1.0
1.0
1.0
1.0
0.4444444444444444
1.0
0.36363636363636365
0.5
1.0
1.0
1.3333333333333333
1.0
1.0
1.0
1.0
1.0
1.0
0.6666666666666666
0.5555555555555556
0.75
0.15384615384615385
0.2857142857142857
3.5
1.0
0.5
1.0
1.0
1.0
1.0
1.0
0.1111111111111111
0.375
0.125
0.36363636363636365
0.3333333333333333
0.07142857142857142
0.2222222222222222
1.0
1.0
1.0
1.0
1.0
1.0
1.0
1.0
0.09090909090909091
1.0
1.0
1.0
0.6
0.25
0.4
0.2
0.2857142857142857
1.0
0.125
1.0
1.25
1.0
1.0
1.0
1.0
1.0
1.0
1.0
1.0
0.375
0.1
0.14285714285714285
0.125
1.25
0.6666666666666666
1.0
0.5714285714285714
1.0
1.0
0.4166666666666667
1.0
1.0
1.0
1.0
1.0
1.0
1.0
0.3
1.0
0.4
1.0
1.0
1.0
1.0
1.0
1.0
0.3333333333333333
0.8571428571428571
0.45454545454545453
0.25
0.7142857142857143
0.6
1.0
0.23076923076923078
0.5714285714285714
1.0
1.0
1.0
1.5
1.3333333333333333
0.4444444444444444
1.0
1.0
1.0
1.0
0.3333333333333333
0.5
0.375
0.3
0.4
0.5
1.0
1.0
0.8333333333333334
1.0
0.2857142857142857
1.0
1.0
1.0
1.0
1.0
1.0
0.1111111111111111
1.0
0.3333333333333333
0.4444444444444444
0.625
1.0
0.6666666666666666
1.0
1.0
1.0
1.0
1.0
1.0
0.08333333333333333
0.3333333333333333
1.0
1.0
1.0
1.0
1.0
1.0
1.0
0.6666666666666666
0.7142857142857143
0.8571428571428571
1.0
1.0
0.2857142857142857
1.0
1.0
1.0
1.0
1.0
1.0
1.0
0.14285714285714285
0.3333333333333333
4.0
1.0
0.42857142857142855
0.4
0.42857142857142855
0.375
0.2727272727272727
0.25
0.3333333333333333
1.0
0.8
1.0
1.0
1.0
1.0
1.0
0.2222222222222222
0.45454545454545453
0.2
0.42857142857142855
0.3
1.0
1.0
1.0
1.0
1.0
1.0
1.0
1.0
0.8333333333333334
0.25
0.36363636363636365
0.2222222222222222
0.125
0.5
1.3333333333333333
1.0
1.0
1.0
1.0
1.0
1.0
1.0
0.25
0.25
1.0
0.8
0.2
0.45454545454545453
1.0
1.0
1.0
1.0
1.0
1.0
0.875
0.4
0.45454545454545453
0.7777777777777778
1.0
1.0
1.0
0.5
1.0
1.0
1.0
1.0
1.0
0.8333333333333334
0.5714285714285714
0.2727272727272727
0.42857142857142855
0.5714285714285714
0.18181818181818182
1.0
1.0
1.0
1.0
1.0
1.0
1.0
1.0
0.1
0.5454545454545454
0.125
0.5
1.0
0.6666666666666666
0.1111111111111111
0.14285714285714285
0.2857142857142857
0.42857142857142855
0.42857142857142855
0.8
1.0
1.0
1.0
1.0
0.23076923076923078
0.26666666666666666
0.75
0.25
0.5
0.5555555555555556
0.5
0.6363636363636364
0.75
1.0
1.6666666666666667
1.0
1.0
1.0
1.0
1.0
0.16666666666666666
0.8333333333333334
0.2
1.0
1.0
0.4
1.0
0.4
1.0
1.0
1.0
1.0
1.0
1.0
0.5714285714285714
1.0
1.0
1.0
1.0
1.0
1.0
1.0
1.0
1.0
1.0
0.23076923076923078
1.0
0.25
0.3333333333333333
0.7142857142857143
1.0
2.0
1.0
1.0
1.0
1.0
1.0
1.0
1.0
0.6
1.0
0.2
1.0
0.3333333333333333
1.0
1.0
1.0
1.0
1.0
1.0
1.0
1.0
1.0
0.42857142857142855
1.0
1.0
1.0
0.3333333333333333
1.0
0.5
0.375
1.0
1.0
1.0
0.8
1.0
0.75
0.25
0.2727272727272727
0.3
1.125
1.1428571428571428
0.6666666666666666
0.6666666666666666
0.125
1.0
1.0
1.0
1.0
1.0
1.0
1.0
0.6
1.0
1.0
1.0
1.0
1.0
1.0
0.16666666666666666
1.0
1.0
1.0
0.18181818181818182
0.36363636363636365
0.2222222222222222
0.25
0.7777777777777778
0.21428571428571427
1.1666666666666667
0.3
1.0
1.0
1.0
0.375
1.0
1.0
1.0
1.0
1.0
1.0
1.0
0.4
0.5
1.0
0.09090909090909091
1.0
0.5
0.375
1.5
0.875
1.0
0.3
0.16666666666666666
1.0
0.1111111111111111
1.0
0.2857142857142857
0.16666666666666666
1.0
1.0
1.0
0.8333333333333334
0.125
1.0
0.8888888888888888
0.3333333333333333
1.0
1.0
0.36363636363636365
0.5
0.2
0.375
1.0
1.0
1.0
1.0
1.0
1.0
1.0
1.1666666666666667
0.45454545454545453
0.6666666666666666
1.0
0.5714285714285714
1.0
0.25
1.0
1.0
1.3333333333333333
0.2222222222222222
1.0
1.0
0.5714285714285714
0.5
0.5
0.36363636363636365
0.6666666666666666
1.0
0.6
1.0
1.0
1.0
1.0
1.25
1.0
0.25
1.0
1.0
0.125
0.3333333333333333
1.0
1.0
1.0
1.0
1.0
1.0
1.0
1.0
0.4
0.16666666666666666
0.6666666666666666
0.2
1.0
0.8
1.0
1.0
1.0
1.0
1.0
1.0
0.8571428571428571
0.17391304347826086
1.0
0.8333333333333334
0.09090909090909091
0.75
1.0
1.0
1.0
1.0
1.0
1.0
0.13333333333333333
0.16666666666666666
0.25
0.75
0.3333333333333333
0.3333333333333333
0.1111111111111111
0.42857142857142855
0.2
0.3076923076923077
1.6666666666666667
1.1428571428571428
0.7142857142857143
1.0
1.0
0.375
0.2857142857142857
1.0
1.0
1.0
1.0
0.4
1.0
1.0
1.0
1.0
0.2222222222222222
0.4
0.2857142857142857
1.0
1.0
0.3333333333333333
0.8333333333333334
1.0
0.8
1.0
1.0
1.0
1.0
1.0
1.0
1.0
1.0
1.0
1.0
0.15384615384615385
0.625
0.6
1.0
1.0
1.0
1.0
1.0
1.0
1.0
0.06666666666666667
0.42857142857142855
0.5
0.8333333333333334
1.0
1.0
1.0
0.7777777777777778
0.75
0.25
1.0
0.3
0.36363636363636365
0.25
0.2222222222222222
1.0
1.0
0.6666666666666666
1.0
0.16666666666666666
1.5
1.0
1.0
1.0
1.0
1.0
1.0
0.5
0.2222222222222222
0.6
1.0
0.7142857142857143
1.0
1.0
1.0
1.0
1.0
1.0
0.3333333333333333
0.25
0.7142857142857143
0.42857142857142855
0.5714285714285714
0.3333333333333333
0.5714285714285714
0.4
0.09090909090909091
1.0
1.0
1.0
1.0
1.0
1.0
1.0
1.0
1.0
1.5
0.75
1.0
0.6
1.0
0.5
1.0
0.6666666666666666
0.4
1.0
1.0
1.0
1.0
1.0
1.0
1.0
1.0
1.0
1.0
0.4444444444444444
0.3333333333333333
0.2
0.14285714285714285
0.75
0.14285714285714285
1.0
1.0
1.0
1.0
1.0
0.3333333333333333
1.0
1.0
1.0
0.2857142857142857
1.0
1.0
1.0
1.0
1.0
1.0
1.0
0.4
0.5
1.0
1.0
1.0
1.0
1.0
1.0
1.0
1.0
0.3076923076923077
1.0
1.0
0.5
0.5555555555555556
0.3333333333333333
1.0
1.0
1.0
1.0
1.0
1.0
1.0
1.0
1.0
1.0
0.4
0.2222222222222222
0.3
0.375
0.25
0.5
0.2222222222222222
0.4
0.2857142857142857
1.0
1.0
0.5
2.3333333333333335
1.0
1.0
1.0
1.0
1.0
0.5
0.2222222222222222
0.3
0.5714285714285714
0.5714285714285714
1.0
1.0
1.0
1.0
0.4
1.0
1.0
0.7142857142857143
1.0
0.25
0.7142857142857143
0.7142857142857143
0.6666666666666666
1.0
0.36363636363636365
0.36363636363636365
1.4
1.0
1.0
1.0
1.0
0.6666666666666666
0.1
1.0
1.0
1.0
1.0
1.0
1.0
1.0
1.0
0.5714285714285714
0.07142857142857142
1.0
1.0
1.0
1.0
1.0
1.0
1.0
1.0
1.0
0.8333333333333334
1.0
0.6
1.0
1.0
1.0
1.0
1.0
0.6363636363636364
0.3
0.7142857142857143
0.625
0.25
0.42857142857142855
0.6
1.0
1.125
0.5555555555555556
0.7142857142857143
0.4
1.0
0.4
0.3
1.0
1.0
1.0
1.0
1.0
0.6666666666666666
0.4
1.0
0.625
0.14285714285714285
0.3333333333333333
1.0
1.0
1.0
1.0
1.0
1.0
1.0
1.0
1.0
0.5714285714285714
1.0
1.0
1.0
1.0
1.0
1.0
0.3
0.5
0.7
1.0
0.5
0.125
0.375
0.07692307692307693
1.0
1.0
0.5714285714285714
0.5555555555555556
0.6666666666666666
2.3333333333333335
1.0
1.0
1.0
1.0
1.0
1.0
0.14285714285714285
0.5384615384615384
1.0
0.6666666666666666
1.0
0.75
1.0
1.0
1.0
0.7
0.4444444444444444
0.5
0.7777777777777778
0.1111111111111111
1.0
1.0
0.42857142857142855
1.0
1.0
1.0
1.0
1.0
1.0
1.0
0.14285714285714285
0.7
0.4
0.25
0.09090909090909091
0.15384615384615385
0.16666666666666666
0.3076923076923077
0.4
0.5
1.0
1.0
1.0
1.0
1.0
1.0
1.0
0.42857142857142855
0.875
0.8
0.1
0.3333333333333333
1.0
1.0
0.2857142857142857
1.0
1.0
1.0
1.0
1.0
1.0
0.5
1.0
1.0
0.1111111111111111
0.36363636363636365
1.0
1.0
1.0
1.0
1.0
1.0
0.4444444444444444
0.15384615384615385
0.25
0.6666666666666666
1.0
0.3333333333333333
1.0
0.3333333333333333
0.7142857142857143
0.5714285714285714
1.0
0.6
1.0
1.0
1.0
1.0
1.0
1.0
0.5
0.4
0.25
1.0
0.5
0.375
1.0
1.0
1.0
1.0
1.0
1.0
0.5
1.0
1.0
1.0
1.0
0.7
1.6666666666666667
0.625
0.07692307692307693
0.25
1.0
1.0
0.625
0.36363636363636365
1.4
0.2
0.07142857142857142
1.0
1.1666666666666667
1.0
1.0
0.875
1.0
0.4444444444444444
1.0
1.0
1.0
1.0
0.42857142857142855
1.0
1.0
1.2
0.3333333333333333
1.0
1.0
1.0
1.0
1.0
1.0
1.0
0.6666666666666666
1.2
0.08333333333333333
0.09090909090909091
0.2
1.0
1.0
1.0
1.0
0.3333333333333333
1.0
0.5714285714285714
1.0
1.0
1.0
1.0
1.0
0.6666666666666666
1.0
1.0
1.0
1.0
0.4
1.0
1.0
1.0
0.25
0.75
0.5
0.4166666666666667
0.5
1.0
1.0
0.75
1.0
1.0
1.0
1.0
0.23076923076923078
0.3
0.45454545454545453
0.75
1.0
1.0
1.0
0.375
0.3333333333333333
1.0
0.4
1.0
1.0
1.0
1.0
1.0
1.0
1.0
1.0
0.5714285714285714
1.0
1.0
1.0
1.0
1.0
1.0
0.5454545454545454
0.2857142857142857
0.6666666666666666
1.0
1.0
0.25
0.5
1.0
1.0
1.25
0.2727272727272727
1.0
0.5
0.6666666666666666
1.0
0.3333333333333333
1.0
1.0
1.0
1.0
1.0
1.0
1.0
0.4
0.5
0.5555555555555556
0.4444444444444444
0.25
1.0
1.0
0.2857142857142857
0.5
0.16666666666666666
1.0
0.42857142857142855
1.0
1.0
1.0
0.875
0.6666666666666666
1.0
0.4
0.3333333333333333
0.46153846153846156
0.2
1.0
1.0
0.2
0.5
0.45454545454545453
1.0
1.0
1.0
1.0
0.16666666666666666
0.2857142857142857
1.0
0.3333333333333333
1.0
1.0
1.0
1.0
1.0
1.0
1.0
0.5
1.0
1.0
1.0
1.0
1.0
1.0
0.5
1.0
0.16666666666666666
0.2222222222222222
1.6666666666666667
1.0
1.0
1.0
1.0
1.0
0.5714285714285714
0.875
0.2727272727272727
0.5
1.0
1.0
1.0
1.0
1.0
1.0
2.0
1.0
0.1
0.6
1.0
1.0
1.0
1.0
0.14285714285714285
0.45454545454545453
0.3333333333333333
0.75
1.0
0.375
1.0
0.2857142857142857
1.0
1.0
1.0
1.0
1.0
1.0
1.0
0.2857142857142857
0.5714285714285714
0.4166666666666667
0.2857142857142857
1.0
1.5
1.0
1.0
1.0
1.0
1.0
1.0
1.0
0.2
0.42857142857142855
0.5
0.1
0.25
0.5
0.3333333333333333
0.2727272727272727
0.4
0.5714285714285714
0.375
1.6666666666666667
1.0
1.0
0.7142857142857143
1.0
1.0
1.0
1.0
1.0
1.0
1.0
1.0
0.6
0.45454545454545453
0.3333333333333333
0.42857142857142855
0.375
0.2857142857142857
0.8
0.375
0.2857142857142857
0.5714285714285714
1.0
1.0
1.0
1.0
1.0
1.0
0.09090909090909091
1.0
1.0
0.5
1.0
1.0
1.0
1.0
1.0
0.8571428571428571
1.3333333333333333
1.0
1.0
1.0
0.1875
1.0
1.6666666666666667
0.2222222222222222
1.0
1.0
1.0
1.0
1.0
1.0
1.0
1.0
1.0
0.3333333333333333
0.5333333333333333
1.0
1.0
0.6
0.25
1.0
1.0
1.0
1.0
0.42857142857142855
0.4
1.0
1.0
0.6666666666666666
1.0
0.75
1.0
1.0
1.0
1.0
1.0
1.0
1.0
0.3125
0.25
0.2222222222222222
0.625
0.375
0.625
0.5
1.3333333333333333
0.15384615384615385
1.0
1.0
0.5714285714285714
1.0
1.0
0.2857142857142857
1.0
1.0
1.0
0.2857142857142857
1.0
1.0
1.0
1.0
1.5
1.0
0.5
0.23076923076923078
0.13333333333333333
1.0
1.0
0.5
0.6666666666666666
1.0
1.0
1.0
1.0
0.25
1.0
1.0
1.0
1.0
1.4
0.6666666666666666
0.5
0.25
1.0
1.0
1.0
0.5714285714285714
0.2222222222222222
0.875
0.3125
0.375
1.0
1.0
1.0
0.1
1.1666666666666667
1.0
1.0
0.2222222222222222
1.0
1.0
1.0
1.0
1.0
0.5714285714285714
0.42857142857142855
1.0
1.0
1.0
1.0
0.3333333333333333
4.0
1.0
1.0
0.2727272727272727
0.625
0.5
1.0
1.0
1.0
0.2857142857142857
1.0
1.0
0.4444444444444444
0.8181818181818182
1.0
1.0
1.0
1.0
1.0
0.42857142857142855
0.125
0.42857142857142855
0.14285714285714285
0.5
0.8
1.4
1.0
1.0
1.0
1.0
1.0
1.0
1.0
1.0
0.5
0.5714285714285714
1.0
1.0
1.0
1.0
1.0
0.3333333333333333
1.0
1.0
1.0
0.5
0.5
0.5
0.5
1.0
0.4444444444444444
2.0
1.0
1.0
1.0
1.0
0.7142857142857143
1.0
1.0
0.8888888888888888
1.0
1.0
1.0
1.0
1.0
0.2727272727272727
0.5
0.1111111111111111
0.2222222222222222
0.7142857142857143
1.0
0.4444444444444444
0.5
0.6666666666666666
0.14285714285714285
1.0
1.0
1.0
0.42857142857142855
0.3
0.5
1.0
1.0
1.0
1.0
1.0
1.0
1.0
0.125
1.0
0.3
0.75
0.3076923076923077
1.0
1.0
0.75
0.8
0.8333333333333334
0.08333333333333333
0.375
2.0
1.0
1.0
1.0
1.0
1.0
1.0
0.8
0.6
1.0
1.0
1.0
1.0
1.0
1.0
1.0
1.0
0.26666666666666666
1.0
1.0
1.0
1.0
1.0
1.0
1.0
1.0
0.4444444444444444
0.3333333333333333
0.75
1.2
1.0
1.0
1.0
1.0
0.5
1.0
1.0
1.0
1.0
1.0
0.23529411764705882
0.3333333333333333
0.5
0.5
0.2
0.4
1.6666666666666667
1.0
1.0
0.6666666666666666
0.7
0.2222222222222222
1.0
1.0
1.0
1.0
0.1111111111111111
0.16666666666666666
0.25
0.5
0.5555555555555556
1.0
0.5
0.6666666666666666
0.4444444444444444
0.5555555555555556
0.25
0.75
0.14285714285714285
1.0
1.0
1.0
1.0
1.0
1.0
1.0
1.0
0.375
0.3333333333333333
0.5
0.3333333333333333
0.7
0.2222222222222222
0.625
0.25
1.0
1.0
1.0
1.3333333333333333
0.25
1.0
0.6
1.0
1.0
1.0
0.8888888888888888
1.0
1.0
1.0
0.3333333333333333
0.3333333333333333
0.125
0.6
1.0
0.6666666666666666
1.0
1.0
1.0
1.0
1.0
1.0
1.0
1.0
1.0
1.25
0.4
0.2
1.0
0.42857142857142855
1.0
1.0
1.0
1.0
1.0
1.0
1.0
1.0
1.0
0.5714285714285714
0.7142857142857143
1.0
1.0
1.0
1.0
1.0
1.0
0.18181818181818182
1.0
1.0
1.2857142857142858
0.5
1.0
1.0
0.2
0.16666666666666666
0.4444444444444444
1.0
0.8571428571428571
1.0
0.2
0.42857142857142855
1.0
0.8
0.6
1.0
1.0
1.0
1.0
0.4
0.1111111111111111
1.0
0.125
0.1
0.2
1.0
0.3
0.6666666666666666
0.2857142857142857
0.08333333333333333
0.21428571428571427
0.6666666666666666
0.42857142857142855
0.3333333333333333
1.0
0.4444444444444444
1.0
1.0
1.0
0.21428571428571427
0.18181818181818182
1.0
1.0
1.0
1.0
1.0
0.16666666666666666
0.8333333333333334
1.0
1.0
0.35714285714285715
0.15384615384615385
1.0
0.5714285714285714
1.0
1.0
1.5
0.7777777777777778
1.0
1.1666666666666667
1.0
1.0
1.0
1.0
1.0
1.0
1.0
1.0
1.0
1.0
1.0
1.0
0.375
0.5
1.0
1.0
0.2857142857142857
1.0
1.0
1.0
1.0
1.0
1.0
0.125
0.1111111111111111
1.0
1.0
0.625
0.5
0.42857142857142855
1.0
1.0
0.2727272727272727
1.0
0.75
0.125
1.0
0.375
0.5
0.23076923076923078
0.625
0.2
0.2222222222222222
1.0
1.6666666666666667
0.8571428571428571
0.875
0.375
1.75
1.0
1.0
1.0
0.5
0.625
0.75
1.0
1.0
1.0
1.0
0.4
0.42857142857142855
1.0
1.0
0.2
1.0
1.0
1.0
1.0
1.0
1.0
1.0
1.0
1.0
0.5
0.3333333333333333
0.125
0.75
0.2857142857142857
1.0
0.3333333333333333
1.0
1.0
0.5
1.0
0.36363636363636365
0.125
0.15384615384615385
0.2222222222222222
1.0
1.0
1.0
1.0
1.0
1.0
1.0
1.0
1.0
1.0
1.0
1.0
0.3333333333333333
0.18181818181818182
0.5714285714285714
0.6666666666666666
0.25
0.8333333333333334
0.5
0.3333333333333333
1.0
1.0
1.0
1.0
1.0
0.2727272727272727
0.3
0.42857142857142855
0.6666666666666666
1.0
1.0
1.0
0.3333333333333333
1.0
1.0
1.0
1.0
0.7142857142857143
0.7
1.0
1.0
0.5555555555555556
1.0
1.0
0.42857142857142855
1.0
1.0
1.0
1.0
0.75
0.6666666666666666
0.375
1.0
1.0
1.0
1.0
0.3333333333333333
1.0
0.2
0.5
0.25
0.7777777777777778
0.4166666666666667
1.0
0.8
1.0
1.0
1.0
0.5
1.0
1.0
0.25
0.3333333333333333
0.16666666666666666
0.5
0.5
0.4
1.0
1.0
1.0
0.5
0.42857142857142855
1.0
0.5
1.0
0.3333333333333333
0.6363636363636364
0.5
0.1111111111111111
1.0
1.0
1.0
1.0
0.2857142857142857
0.23076923076923078
1.0
1.0
1.0
1.0
1.0
1.0
1.0
1.0
1.0
1.0
0.42857142857142855
1.0
0.375
0.46153846153846156
0.6
0.5
0.375
1.0
0.125
0.3
0.25
1.1666666666666667
1.0
0.2
0.8333333333333334
1.0
1.0
1.0
0.3
1.0
0.125
0.125
0.6363636363636364
1.0
1.0
1.0
1.0
1.0
1.0
0.3333333333333333
0.4444444444444444
1.0
1.0
0.4
1.0
1.0
1.0
1.0
1.0
1.0
1.0
1.0
1.0
0.2857142857142857
0.7
1.0
1.0
1.0
1.0
1.0
1.0
0.5
0.6666666666666666
1.0
1.0
1.0
1.0
1.0
1.0
1.0
1.0
0.625
0.4444444444444444
0.1
0.09090909090909091
0.7142857142857143
0.7142857142857143
0.14285714285714285
0.2727272727272727
0.36363636363636365
0.6
1.0
1.0
1.0
0.25
0.3
0.5454545454545454
1.0
1.0
1.0
1.0
1.0
0.16666666666666666
0.5714285714285714
1.0
1.0
1.0
1.0
1.8
1.0
1.0
1.0
1.0
1.0
1.0
1.0
1.0
0.2
0.4444444444444444
0.14285714285714285
0.5714285714285714
0.5454545454545454
1.0
1.0
1.0
1.0
1.0
0.5714285714285714
1.0
1.0
0.5555555555555556
1.0
1.0
1.2
1.0
1.0
1.0
0.4
1.0
1.0
1.75
1.0
1.0
1.0
1.0
1.0
1.0
1.0
1.0
0.6
1.0
0.6
1.0
1.0
1.0
1.0
1.0
1.0
1.0
1.0
1.0
1.0
1.0
0.3333333333333333
0.3
0.3333333333333333
0.23076923076923078
0.36363636363636365
1.0
1.0
0.2857142857142857
0.75
0.3333333333333333
0.5714285714285714
1.0
0.16666666666666666
0.875
1.0
1.0
0.3333333333333333
0.75
1.0
1.0
0.375
0.4
0.3333333333333333
1.0
1.0
1.0
0.5
1.0
